mst_weight : 1453
tsp_weight : 2307
loc1
counter : 2.9763157894736842
mean_result : 88.96315789473684
min_result : 1748
loc2
counter : 22.221052631578946
mean_result : 95.03157894736842
min_result : 1775
loc3
counter : 22.105263157894736
mean_result : 97.06315789473685
min_result : 1773
