mst_weight : 5550
tsp_weight : 8282
loc1
counter : 6.588795518207283
mean_result : 153.01288515406162
min_result : 6440
