mst_weight : 1189
tsp_weight : 1793
loc1
counter : 2.9610705596107056
mean_result : 70.32116788321167
min_result : 1418
loc2
counter : 23.228710462287104
mean_result : 77.88564476885645
min_result : 1486
loc3
counter : 23.525547445255473
mean_result : 77.49391727493918
min_result : 1492
