mst_weight : 1189
tsp_weight : 1793
loc3
counter : 23.2992700729927
mean_result : 78.69343065693431
min_result : 1477
