mst_weight : 1132
tsp_weight : 1753
loc3
counter : 21.744303797468355
mean_result : 73.46582278481013
min_result : 1443
