loc2
counter : 23.607798165137616
mean_result : 77.60321100917432
min_result : 1563
mst_weight : 1277