mst_weight : 1160
tsp_weight : 1851
loc3
counter : 22.337730870712402
mean_result : 81.46437994722955
min_result : 1474
