mst_weight : 1183
tsp_weight : 1810
loc3
counter : 20.8600583090379
mean_result : 88.43148688046647
min_result : 1506
