mst_weight : 476
tsp_weight : 756
loc3
counter : 10.83206106870229
mean_result : 53.045801526717554
min_result : 588
