mst_weight : 476
loc1
counter : 2.16793893129771
mean_result : 47.45038167938932
min_result : 536
loc2
counter : 11.030534351145038
mean_result : 51.25954198473283
min_result : 558
