mst_weight : 476
loc1
 counter : 2.1068702290076335
mean_result : 46.595419847328245
min_result : 531
loc2
 counter : 11.320610687022901
mean_result : 52.97709923664122
min_result : 592
