mst_weight : 906
loc1
 counter : 1.9746835443037976
mean_result : 71.0295358649789
min_result : 1096
