mst_weight : 906
tsp_weight : 1380
loc3
counter : 16.19409282700422
mean_result : 78.61181434599156
min_result : 1139
